0,461
0,460
0,459
0,458
0,457
0,456
0,455
0,454
0,453
0,452
0,451
0,450
0,449
0,448
0,447
0,446
0,445
32,52
32,51
32,50
32,49
32,48
32,47
32,46
32,45
32,44
32,43
32,42
32,41
32,40
32,39
32,38
32,37
32,36
32,35
37,5
0,444
36,6
37,4
37,3
37,2
37,1
37,0
36,5
36,4
36,3
36,2
36,1
36,0
35,3
35,2
35,1
35,0
34,3
34,2
34,1
34,0
33,3
33,2
33,1
33,0
0,443
0,442
0,441
0,440
0,439
0,438
0,437
3,1
3,3
10,244
10,32
10,23
10,121
10,296
10,11
10,198
11,12
11,19
11,9
9,7
8,16
8,18
8,14
8,17
8,15
8,5
20,2
20,1
20,3
19,2
19,1
19,3
31,4
31,3
31,2
31,1
31,0
30,3
30,2
30,1
30,0
